step
Maps a unit of time in the real world. In this case 1 step is 1 hour of time.


type
CASH-IN, CASH-OUT, DEBIT, PAYMENT and TRANSFER


amount
amount of the transaction in local currency


nameOrig
customer who started the transaction


oldbalanceOrg
initial balance before the transaction


newbalanceOrig
customer's balance after the transaction.


nameDest
recipient ID of the transaction.


oldbalanceDest
initial recipient balance before the transaction.


newbalanceDest
recipient's balance after the transaction.


isFraud
identifies a fraudulent transaction (1) and non fraudulent (0)

Label	Count
1.00 - 15.84	305,720
15.84 - 30.68	270,630
30.68 - 45.52	426,324
45.52 - 60.36	27,713
60.36 - 75.20	214
75.20 - 90.04	160
90.04 - 104.88	28,801
104.88 - 119.72	5,886
119.72 - 134.56	199,451
134.56 - 149.40	246,455
149.40 - 164.24	378,338
164.24 - 179.08	118,621
179.08 - 193.92	373,015
193.92 - 208.76	244,470
208.76 - 223.60	175,339
223.60 - 238.44	376,801
238.44 - 253.28	174,524
253.28 - 268.12	258,509
268.12 - 282.96	240,746
282.96 - 297.80	129,238
297.80 - 312.64	405,944
312.64 - 327.48	185,857
327.48 - 342.32	212,912
342.32 - 357.16	376,840
357.16 - 372.00	93,865
372.00 - 386.84	307,330
386.84 - 401.68	256,795
401.68 - 416.52	169,949
416.52 - 431.36	17,965
431.36 - 446.20	2,537
446.20 - 461.04	9,365
461.04 - 475.88	12,546
475.88 - 490.72	11,710
490.72 - 505.56	20,402
505.56 - 520.40	17,035
520.40 - 535.24	36,802
535.24 - 550.08	47,210
550.08 - 564.92	9,552
564.92 - 579.76	26,268
579.76 - 594.60	37,201
594.60 - 609.44	22,028
609.44 - 624.28	11,864
624.28 - 639.12	3,694
639.12 - 653.96	5,195
653.96 - 668.80	11,951
668.80 - 683.64	9,905
683.64 - 698.48	47,461
698.48 - 713.32	6,936
713.32 - 728.16	4,364
728.16 - 743.00	182
1
743
CASH_OUT
35%
PAYMENT
34%
Other (1973625)
31%
Label	Count
0.00 - 1848910.33	6,311,650
1848910.33 - 3697820.67	34,343
3697820.67 - 5546731.00	6,332
5546731.00 - 7395641.33	2,534
7395641.33 - 9244551.66	1,617
9244551.66 - 11093462.00	3,981
11093462.00 - 12942372.33	395
12942372.33 - 14791282.66	323
14791282.66 - 16640193.00	263
16640193.00 - 18489103.33	228
18489103.33 - 20338013.66	150
20338013.66 - 22186923.99	126
22186923.99 - 24035834.33	103
24035834.33 - 25884744.66	91
25884744.66 - 27733654.99	63
27733654.99 - 29582565.32	55
29582565.32 - 31431475.66	60
31431475.66 - 33280385.99	53
33280385.99 - 35129296.32	46
35129296.32 - 36978206.66	42
36978206.66 - 38827116.99	31
38827116.99 - 40676027.32	26
40676027.32 - 42524937.65	14
42524937.65 - 44373847.99	7
44373847.99 - 46222758.32	9
46222758.32 - 48071668.65	17
48071668.65 - 49920578.99	14
49920578.99 - 51769489.32	10
51769489.32 - 53618399.65	3
53618399.65 - 55467309.98	8
55467309.98 - 57316220.32	6
57316220.32 - 59165130.65	4
59165130.65 - 61014040.98	4
61014040.98 - 62862951.32	2
62862951.32 - 64711861.65	3
66560771.98 - 68409682.31	2
68409682.31 - 70258592.65	2
70258592.65 - 72107502.98	1
72107502.98 - 73956413.31	1
90596606.31 - 92445516.64	1
0
92.4m
6353307

unique values
Label	Count
0.00 - 1191700.81	5,653,441
1191700.81 - 2383401.61	130,551
2383401.61 - 3575102.42	106,747
3575102.42 - 4766803.23	87,610
4766803.23 - 5958504.04	73,879
5958504.04 - 7150204.84	62,846
7150204.84 - 8341905.65	52,270
8341905.65 - 9533606.46	41,171
9533606.46 - 10725307.27	30,271
10725307.27 - 11917008.07	20,322
11917008.07 - 13108708.88	13,920
13108708.88 - 14300409.69	11,228
14300409.69 - 15492110.50	10,417
15492110.50 - 16683811.30	9,499
16683811.30 - 17875512.11	8,817
17875512.11 - 19067212.92	8,122
19067212.92 - 20258913.73	7,328
20258913.73 - 21450614.53	6,555
21450614.53 - 22642315.34	5,931
22642315.34 - 23834016.15	5,326
23834016.15 - 25025716.96	4,553
25025716.96 - 26217417.76	3,813
26217417.76 - 27409118.57	2,978
27409118.57 - 28600819.38	2,137
28600819.38 - 29792520.19	1,406
29792520.19 - 30984220.99	789
30984220.99 - 32175921.80	372
32175921.80 - 33367622.61	174
33367622.61 - 34559323.41	81
34559323.41 - 35751024.22	33
35751024.22 - 36942725.03	6
36942725.03 - 38134425.84	7
38134425.84 - 39326126.64	6
39326126.64 - 40517827.45	2
40517827.45 - 41709528.26	2
41709528.26 - 42901229.07	1
42901229.07 - 44092929.87	2
44092929.87 - 45284630.68	1
45284630.68 - 46476331.49	1
46476331.49 - 47668032.30	1
48859733.10 - 50051433.91	1
50051433.91 - 51243134.72	1
57201638.76 - 58393339.56	1
58393339.56 - 59585040.37	1
0
59.6m
Label	Count
0.00 - 991700.81	5,608,711
991700.81 - 1983401.61	119,063
1983401.61 - 2975102.42	98,231
2975102.42 - 3966803.23	83,741
3966803.23 - 4958504.04	71,009
4958504.04 - 5950204.84	62,054
5950204.84 - 6941905.65	54,292
6941905.65 - 7933606.46	47,059
7933606.46 - 8925307.27	39,370
8925307.27 - 9917008.07	31,690
9917008.07 - 10908708.88	24,154
10908708.88 - 11900409.69	17,329
11900409.69 - 12892110.50	12,499
12892110.50 - 13883811.30	9,778
13883811.30 - 14875512.11	9,063
14875512.11 - 15867212.92	8,445
15867212.92 - 16858913.73	7,846
16858913.73 - 17850614.53	7,392
17850614.53 - 18842315.34	6,917
18842315.34 - 19834016.15	6,378
19834016.15 - 20825716.96	5,780
20825716.96 - 21817417.76	5,242
21817417.76 - 22809118.57	4,992
22809118.57 - 23800819.38	4,442
23800819.38 - 24792520.19	3,969
24792520.19 - 25784220.99	3,400
25784220.99 - 26775921.80	2,912
26775921.80 - 27767622.61	2,265
27767622.61 - 28759323.41	1,731
28759323.41 - 29751024.22	1,223
29751024.22 - 30742725.03	760
30742725.03 - 31734425.84	414
31734425.84 - 32726126.64	223
32726126.64 - 33717827.45	119
33717827.45 - 34709528.26	75
34709528.26 - 35701229.07	26
35701229.07 - 36692929.87	6
36692929.87 - 37684630.68	3
37684630.68 - 38676331.49	7
38676331.49 - 39668032.30	3
39668032.30 - 40659733.10	1
40659733.10 - 41651433.91	1
41651433.91 - 42643134.72	1
43634835.53 - 44626536.33	2
46609937.95 - 47601638.76	1
48593339.56 - 49585040.37	1
0
49.6m
2722362

unique values
Label	Count
0.00 - 7120317.79	6,165,021
7120317.79 - 14240635.57	152,111
14240635.57 - 21360953.36	24,615
21360953.36 - 28481271.15	9,962
28481271.15 - 35601588.94	4,968
35601588.94 - 42721906.72	1,715
42721906.72 - 49842224.51	998
49842224.51 - 56962542.30	738
56962542.30 - 64082860.08	496
64082860.08 - 71203177.87	386
71203177.87 - 78323495.66	260
78323495.66 - 85443813.44	244
85443813.44 - 92564131.23	156
92564131.23 - 99684449.02	136
99684449.02 - 106804766.81	100
106804766.81 - 113925084.59	99
113925084.59 - 121045402.38	110
121045402.38 - 128165720.17	76
128165720.17 - 135286037.95	58
135286037.95 - 142406355.74	51
142406355.74 - 149526673.53	45
149526673.53 - 156646991.31	32
156646991.31 - 163767309.10	27
163767309.10 - 170887626.89	35
170887626.89 - 178007944.68	40
178007944.68 - 185128262.46	8
185128262.46 - 192248580.25	22
192248580.25 - 199368898.04	21
199368898.04 - 206489215.82	9
206489215.82 - 213609533.61	3
213609533.61 - 220729851.40	9
220729851.40 - 227850169.18	1
227850169.18 - 234970486.97	5
234970486.97 - 242090804.76	16
249211122.55 - 256331440.33	14
256331440.33 - 263451758.12	6
270572075.91 - 277692393.69	5
284812711.48 - 291933029.27	3
299053347.05 - 306173664.84	5
306173664.84 - 313293982.63	2
320414300.42 - 327534618.20	2
327534618.20 - 334654935.99	5
348895571.56 - 356015889.35	5
0
356m
Label	Count
0.00 - 7123585.58	6,145,593
7123585.58 - 14247171.16	164,151
14247171.16 - 21370756.74	28,300
21370756.74 - 28494342.31	11,304
28494342.31 - 35617927.89	5,574
35617927.89 - 42741513.47	2,205
42741513.47 - 49865099.05	1,382
49865099.05 - 56988684.63	986
56988684.63 - 64112270.21	649
64112270.21 - 71235855.78	489
71235855.78 - 78359441.36	338
78359441.36 - 85483026.94	301
85483026.94 - 92606612.52	183
92606612.52 - 99730198.10	170
99730198.10 - 106853783.68	126
106853783.68 - 113977369.25	114
113977369.25 - 121100954.83	132
121100954.83 - 128224540.41	102
128224540.41 - 135348125.99	69
135348125.99 - 142471711.57	60
142471711.57 - 149595297.15	55
149595297.15 - 156718882.72	41
156718882.72 - 163842468.30	34
163842468.30 - 170966053.88	43
170966053.88 - 178089639.46	46
178089639.46 - 185213225.04	11
185213225.04 - 192336810.62	27
192336810.62 - 199460396.20	25
199460396.20 - 206583981.77	10
206583981.77 - 213707567.35	4
213707567.35 - 220831152.93	8
220831152.93 - 227954738.51	3
227954738.51 - 235078324.09	6
235078324.09 - 242201909.67	20
249325495.24 - 256449080.82	19
256449080.82 - 263572666.40	6
270696251.98 - 277819837.56	5
284943423.14 - 292067008.71	4
299190594.29 - 306314179.87	7
306314179.87 - 313437765.45	4
320561351.03 - 327684936.61	1
327684936.61 - 334808522.18	6
349055693.34 - 356179278.92	7
0
356m
Label	Count
0.00 - 0.02	6,354,407
0.98 - 1.00	8,213
0
1
1
PAYMENT
9839.64
C1231006815
170136.0
160296.36
M1979787155
0.0
0.0
0
1
PAYMENT
1864.28
C1666544295
21249.0
19384.72
M2044282225
0.0
0.0
0
1
TRANSFER
181.0
C1305486145
181.0
0.0
C553264065
0.0
0.0
1
1
CASH_OUT
181.0
C840083671
181.0
0.0
C38997010
21182.0
0.0
1
1
PAYMENT
11668.14
C2048537720
41554.0
29885.86
M1230701703
0.0
0.0
0
1
PAYMENT
7817.71
C90045638
53860.0
46042.29
M573487274
0.0
0.0
0
1
PAYMENT
7107.77
C154988899
183195.0
176087.23
M408069119
0.0
0.0
0
1
PAYMENT
7861.64
C1912850431
176087.23
168225.59
M633326333
0.0
0.0
0
1
PAYMENT
4024.36
C1265012928
2671.0
0.0
M1176932104
0.0
0.0
0
1
DEBIT
5337.77
C712410124
41720.0
36382.23
C195600860
41898.0
40348.79
0
1
DEBIT
9644.94
C1900366749
4465.0
0.0
C997608398
10845.0
157982.12
0
1
PAYMENT
3099.97
C249177573
20771.0
17671.03
M2096539129
0.0
0.0
0
1
PAYMENT
2560.74
C1648232591
5070.0
2509.26
M972865270
0.0
0.0
0
1
PAYMENT
11633.76
C1716932897
10127.0
0.0
M801569151
0.0
0.0
0
1
PAYMENT
4098.78
C1026483832
503264.0
499165.22
M1635378213
0.0
0.0
0
1
CASH_OUT
229133.94
C905080434
15325.0
0.0
C476402209
5083.0
51513.44
0
1
PAYMENT
1563.82
C761750706
450.0
0.0
M1731217984
0.0
0.0
0
1
PAYMENT
1157.86
C1237762639
21156.0
19998.14
M1877062907
0.0
0.0
0
1
PAYMENT
671.64
C2033524545
15123.0
14451.36
M473053293
0.0
0.0
0
1
TRANSFER
215310.3
C1670993182
705.0
0.0
C1100439041
22425.0
0.0
0
1
PAYMENT
1373.43
C20804602
13854.0
12480.57
M1344519051
0.0
0.0
0
1
DEBIT
9302.79
C1566511282
11299.0
1996.21
C1973538135
29832.0
16896.7
0
1
DEBIT
1065.41
C1959239586
1817.0
751.59
C515132998
10330.0
0.0
0
1
PAYMENT
3876.41
C504336483
67852.0
63975.59
M1404932042
0.0
0.0
0
1
TRANSFER
311685.89
C1984094095
10835.0
0.0
C932583850
6267.0
2719172.89
0
1
PAYMENT
6061.13
C1043358826
443.0
0.0
M1558079303
0.0
0.0
0